# radial position[m]	 axial position[m]	 current[A]
1e-07	0.288	2.06489e-08
1e-07	-0.288	2.52246e-08
0.001	0.288	2.17433
0.001	-0.288	2.17433
0.002	0.288	8.92434
0.002	-0.288	8.92434
0.003	0.288	20.921
0.003	-0.288	20.921
0.004	0.288	39.2471
0.004	-0.288	39.2471
0.005	0.288	65.3373
0.005	-0.288	65.3373
0.006	0.288	100.88
0.006	-0.288	100.88
0.007	0.288	147.666
0.007	-0.288	147.666
0.008	0.288	207.356
0.008	-0.288	207.356
0.009	0.288	281.142
0.009	-0.288	281.142
0.01	0.288	369.233
0.01	-0.288	369.233
0.01	0.289	268.204
0.01	-0.289	268.204
0.01	0.29	174.364
0.01	-0.29	174.364
0.01	0.291	95.9829
0.01	-0.291	95.9829
0.01	0.292	38.4201
0.01	-0.292	38.4201
0.01	0.293	4.1138
0.01	-0.293	4.1138
0.01	0.294	-7.18136
0.01	-0.294	-7.18136
0.01	0.295	2.04418
0.01	-0.295	2.04418
0.01	0.296	27.6316
0.01	-0.296	27.6316
0.01	0.297	64.4003
0.01	-0.297	64.4003
0.01	0.298	106.799
0.01	-0.298	106.799
0.01	0.299	149.5
0.01	-0.299	149.5
0.01	0.3	187.899
0.01	-0.3	187.899
0.01	0.301	218.477
0.01	-0.301	218.477
0.01	0.302	239.013
0.01	-0.302	239.013
0.01	0.303	248.65
0.01	-0.303	248.65
0.01	0.304	247.82
0.01	-0.304	247.82
0.01	0.305	238.047
0.01	-0.305	238.047
0.01	0.306	221.666
0.01	-0.306	221.666
0.01	0.307	201.493
0.01	-0.307	201.493
0.01	0.308	180.476
0.01	-0.308	180.476
0.01	0.309	161.373
0.01	-0.309	161.373
0.01	0.31	146.473
0.01	-0.31	146.473
0.01	0.311	137.41
0.01	-0.311	137.41
0.01	0.312	135.046
0.01	-0.312	135.046
0.01	0.313	139.459
0.01	-0.313	139.459
0.01	0.314	150.005
0.01	-0.314	150.005
0.01	0.315	165.446
0.01	-0.315	165.446
0.01	0.316	184.121
0.01	-0.316	184.121
0.01	0.317	204.135
0.01	-0.317	204.135
0.01	0.318	223.558
0.01	-0.318	223.558
0.01	0.319	240.6
0.01	-0.319	240.6
0.01	0.32	253.778
0.01	-0.32	253.778
0.01	0.321	262.042
0.01	-0.321	262.042
0.01	0.322	264.866
0.01	-0.322	264.866
0.01	0.323	262.306
0.01	-0.323	262.306
0.01	0.324	254.991
0.01	-0.324	254.991
0.01	0.325	244.075
0.01	-0.325	244.075
0.01	0.326	231.116
0.01	-0.326	231.116
0.01	0.327	217.916
0.01	-0.327	217.916
0.01	0.328	206.312
0.01	-0.328	206.312
0.01	0.329	197.959
0.01	-0.329	197.959
0.01	0.33	194.126
0.01	-0.33	194.126
0.01	0.331	195.534
0.01	-0.331	195.534
0.01	0.332	202.266
0.01	-0.332	202.266
0.01	0.333	213.759
0.01	-0.333	213.759
0.01	0.334	228.877
0.01	-0.334	228.877
0.01	0.335	246.063
0.01	-0.335	246.063
0.01	0.336	263.535
0.01	-0.336	263.535
0.01	0.337	279.506
0.01	-0.337	279.506
0.01	0.338	292.394
0.01	-0.338	292.394
0.01	0.339	301.001
0.01	-0.339	301.001
0.01	0.34	304.628
0.01	-0.34	304.628
0.01	0.341	303.129
0.01	-0.341	303.129
0.01	0.342	296.897
0.01	-0.342	296.897
0.01	0.343	286.786
0.01	-0.343	286.786
0.01	0.344	273.987
0.01	-0.344	273.987
0.01	0.345	259.881
0.01	-0.345	259.881
0.01	0.346	245.885
0.01	-0.346	245.885
0.01	0.347	233.311
0.01	-0.347	233.311
0.01	0.348	223.258
0.01	-0.348	223.258
0.01	0.349	216.534
0.01	-0.349	216.534
0.01	0.35	213.623
0.01	-0.35	213.623
0.01	0.351	214.684
0.01	-0.351	214.684
0.01	0.352	219.583
0.01	-0.352	219.583
0.01	0.353	227.939
0.01	-0.353	227.939
0.01	0.354	239.189
0.01	-0.354	239.189
0.01	0.355	252.649
0.01	-0.355	252.649
0.01	0.356	267.575
0.01	-0.356	267.575
0.01	0.357	283.221
0.01	-0.357	283.221
0.01	0.358	298.877
0.01	-0.358	298.877
0.01	0.359	313.907
0.01	-0.359	313.907
0.01	0.36	327.765
0.01	-0.36	327.765
0.01	0.361	340.011
0.01	-0.361	340.011
0.01	0.362	350.313
0.01	-0.362	350.313
0.01	0.363	358.442
0.01	-0.363	358.442
0.01	0.364	364.269
0.01	-0.364	364.269
0.01	0.365	367.75
0.01	-0.365	367.75
0.01	0.366	368.915
0.01	-0.366	368.915
0.01	0.367	367.854
0.01	-0.367	367.854
0.01	0.368	364.707
0.01	-0.368	364.707
0.01	0.369	359.644
0.01	-0.369	359.644
0.01	0.37	352.863
0.01	-0.37	352.863
0.01	0.371	344.572
0.01	-0.371	344.572
0.01	0.372	334.989
0.01	-0.372	334.989
0.01	0.373	324.327
0.01	-0.373	324.327
0.01	0.374	312.793
0.01	-0.374	312.793
0.01	0.375	300.584
0.01	-0.375	300.584
0.01	0.376	287.883
0.01	-0.376	287.883
0.01	0.377	274.858
0.01	-0.377	274.858
0.01	0.378	261.659
0.01	-0.378	261.659
0.01	0.379	248.419
0.01	-0.379	248.419
0.01	0.38	235.255
0.01	-0.38	235.255
0.01	0.381	222.267
0.01	-0.381	222.267
0.01	0.382	209.538
0.01	-0.382	209.538
0.01	0.383	197.139
0.01	-0.383	197.139
0.01	0.384	185.125
0.01	-0.384	185.125
0.01	0.385	173.54
0.01	-0.385	173.54
0.01	0.386	162.418
0.01	-0.386	162.418
0.01	0.387	151.781
0.01	-0.387	151.781
0.01	0.388	141.645
0.01	-0.388	141.645
0.01	0.389	132.017
0.01	-0.389	132.017
0.01	0.39	122.899
0.01	-0.39	122.899
0.01	0.391	114.287
0.01	-0.391	114.287
0.01	0.392	106.173
0.01	-0.392	106.173
0.01	0.393	98.5461
0.01	-0.393	98.5461
0.01	0.394	91.3909
0.01	-0.394	91.3909
0.01	0.395	84.6915
0.01	-0.395	84.6915
0.01	0.396	78.4297
0.01	-0.396	78.4297
0.01	0.397	72.5863
0.01	-0.397	72.5863
0.01	0.398	67.1414
0.01	-0.398	67.1414
0.01	0.399	62.0746
0.01	-0.399	62.0746
0.01	0.4	57.3656
0.01	-0.4	57.3656
0.01	0.401	52.9939
0.01	-0.401	52.9939
0.01	0.402	48.9396
0.01	-0.402	48.9396
0.01	0.403	45.1832
0.01	-0.403	45.1832
0.01	0.404	41.7058
0.01	-0.404	41.7058
0.01	0.405	38.4892
0.01	-0.405	38.4892
0.01	0.406	35.5159
0.01	-0.406	35.5159
0.01	0.407	32.7693
0.01	-0.407	32.7693
0.01	0.408	30.2335
0.01	-0.408	30.2335
0.011	0.408	35.9528
0.011	-0.408	35.9528
0.012	0.408	41.9718
0.012	-0.408	41.9718
0.013	0.408	48.2274
0.013	-0.408	48.2274
0.014	0.408	54.6525
0.014	-0.408	54.6525
0.015	0.408	61.1768
0.015	-0.408	61.1768
0.016	0.408	67.7269
0.016	-0.408	67.7269
0.017	0.408	74.2275
0.017	-0.408	74.2275
0.018	0.408	80.6015
0.018	-0.408	80.6015
0.019	0.408	86.771
0.019	-0.408	86.771
0.02	0.408	92.658
0.02	-0.408	92.658
0.021	0.408	98.1853
0.021	-0.408	98.1853
0.022	0.408	103.277
0.022	-0.408	103.277
0.023	0.408	107.861
0.023	-0.408	107.861
0.024	0.408	111.867
0.024	-0.408	111.867
0.025	0.408	115.23
0.025	-0.408	115.23
0.026	0.408	117.89
0.026	-0.408	117.89
0.027	0.408	119.794
0.027	-0.408	119.794
0.028	0.408	120.897
0.028	-0.408	120.897
0.029	0.408	121.162
0.029	-0.408	121.162
0.03	0.408	120.56
0.03	-0.408	120.56
0.031	0.408	119.073
0.031	-0.408	119.073
0.032	0.408	116.695
0.032	-0.408	116.695
0.033	0.408	113.431
0.033	-0.408	113.431
0.034	0.408	109.295
0.034	-0.408	109.295
0.035	0.408	104.317
0.035	-0.408	104.317
0.036	0.408	98.5377
0.036	-0.408	98.5377
0.037	0.408	92.0094
0.037	-0.408	92.0094
0.038	0.408	84.7971
0.038	-0.408	84.7971
0.039	0.408	76.9768
0.039	-0.408	76.9768
0.04	0.408	68.6352
0.04	-0.408	68.6352
0.041	0.408	59.8686
0.041	-0.408	59.8686
0.042	0.408	50.7818
0.042	-0.408	50.7818
0.043	0.408	41.4863
0.043	-0.408	41.4863
0.044	0.408	32.0993
0.044	-0.408	32.0993
0.045	0.408	22.7414
0.045	-0.408	22.7414
0.046	0.408	13.5348
0.046	-0.408	13.5348
0.047	0.408	4.60123
0.047	-0.408	4.60123
0.048	0.408	-3.94
0.048	-0.408	-3.94
0.049	0.408	-11.9744
0.049	-0.408	-11.9744
0.05	0.408	-19.3945
0.05	-0.408	-19.3945
0.051	0.408	-26.1017
0.051	-0.408	-26.1017
0.052	0.408	-32.0083
0.052	-0.408	-32.0083
0.053	0.408	-37.0396
0.053	-0.408	-37.0396
0.054	0.408	-41.1352
0.054	-0.408	-41.1352
0.055	0.408	-44.2504
0.055	-0.408	-44.2504
0.056	0.408	-46.3575
0.056	-0.408	-46.3575
0.057	0.408	-47.4461
0.057	-0.408	-47.4461
0.058	0.408	-47.5241
0.058	-0.408	-47.5241
0.059	0.408	-46.6172
0.059	-0.408	-46.6172
0.06	0.408	-44.7686
0.06	-0.408	-44.7686
0.061	0.408	-42.0387
0.061	-0.408	-42.0387
0.062	0.408	-38.5034
0.062	-0.408	-38.5034
0.063	0.408	-34.2528
0.063	-0.408	-34.2528
0.064	0.408	-29.3898
0.064	-0.408	-29.3898
0.065	0.408	-24.0274
0.065	-0.408	-24.0274
0.066	0.408	-18.2868
0.066	-0.408	-18.2868
0.067	0.408	-12.2947
0.067	-0.408	-12.2947
0.068	0.408	-6.18078
0.068	-0.408	-6.18078
0.069	0.408	-0.0747666
0.069	-0.408	-0.0747666
0.07	0.408	5.8961
0.07	-0.408	5.8961
0.071	0.408	11.6098
0.071	-0.408	11.6098
0.072	0.408	16.9522
0.072	-0.408	16.9522
0.073	0.408	21.8193
0.073	-0.408	21.8193
0.074	0.408	26.1192
0.074	-0.408	26.1192
0.075	0.408	29.7744
0.075	-0.408	29.7744
0.076	0.408	32.7228
0.076	-0.408	32.7228
0.077	0.408	34.9193
0.077	-0.408	34.9193
0.078	0.408	36.3362
0.078	-0.408	36.3362
0.079	0.408	36.9635
0.079	-0.408	36.9635
0.08	0.408	36.8092
0.08	-0.408	36.8092
0.081	0.408	35.8986
0.081	-0.408	35.8986
0.082	0.408	34.2731
0.082	-0.408	34.2731
0.083	0.408	31.9896
0.083	-0.408	31.9896
0.084	0.408	29.1183
0.084	-0.408	29.1183
0.085	0.408	25.7412
0.085	-0.408	25.7412
0.086	0.408	21.9497
0.086	-0.408	21.9497
0.087	0.408	17.8426
0.087	-0.408	17.8426
0.088	0.408	13.5234
0.088	-0.408	13.5234
0.089	0.408	9.09785
0.089	-0.408	9.09785
0.09	0.408	4.67156
0.09	-0.408	4.67156
0.091	0.408	0.347332
0.091	-0.408	0.347332
0.092	0.408	-3.77708
0.092	-0.408	-3.77708
0.093	0.408	-7.61115
0.093	-0.408	-7.61115
0.094	0.408	-11.0736
0.094	-0.408	-11.0736
0.095	0.408	-14.094
0.095	-0.408	-14.094
0.096	0.408	-16.6144
0.096	-0.408	-16.6144
0.097	0.408	-18.5901
0.097	-0.408	-18.5901
0.098	0.408	-19.9906
0.098	-0.408	-19.9906
0.099	0.408	-20.8
0.099	-0.408	-20.8
0.1	0.408	-21.0169
0.1	-0.408	-21.0169
0.101	0.408	-20.654
0.101	-0.408	-20.654
0.102	0.408	-19.7377
0.102	-0.408	-19.7377
0.103	0.408	-18.307
0.103	-0.408	-18.307
0.104	0.408	-16.412
0.104	-0.408	-16.412
0.105	0.408	-14.1128
0.105	-0.408	-14.1128
0.106	0.408	-11.4777
0.106	-0.408	-11.4777
0.107	0.408	-8.58095
0.107	-0.408	-8.58095
0.108	0.408	-5.50134
0.108	-0.408	-5.50134
0.109	0.408	-2.31987
0.109	-0.408	-2.31987
0.11	0.408	0.882201
0.11	-0.408	0.882201
0.111	0.408	4.02532
0.111	-0.408	4.02532
0.112	0.408	7.03354
0.112	-0.408	7.03354
0.113	0.408	9.83623
0.113	-0.408	9.83623
0.114	0.408	12.3697
0.114	-0.408	12.3697
0.115	0.408	14.5784
0.115	-0.408	14.5784
0.116	0.408	16.4164
0.116	-0.408	16.4164
0.117	0.408	17.8478
0.117	-0.408	17.8478
0.118	0.408	18.8476
0.118	-0.408	18.8476
0.119	0.408	19.4021
0.119	-0.408	19.4021
0.12	0.408	19.5084
0.12	-0.408	19.5084
0.121	0.408	19.175
0.121	-0.408	19.175
0.122	0.408	18.4205
0.122	-0.408	18.4205
0.123	0.408	17.2733
0.123	-0.408	17.2733
0.124	0.408	15.7704
0.124	-0.408	15.7704
0.125	0.408	13.9567
0.125	-0.408	13.9567
0.126	0.408	11.883
0.126	-0.408	11.883
0.127	0.408	9.6052
0.127	-0.408	9.6052
0.128	0.408	7.18259
0.128	-0.408	7.18259
0.129	0.408	4.67626
0.129	-0.408	4.67626
0.13	0.408	2.14769
0.13	-0.408	2.14769
0.131	0.408	-0.342827
0.131	-0.408	-0.342827
0.132	0.408	-2.73752
0.132	-0.408	-2.73752
0.133	0.408	-4.98251
0.133	-0.408	-4.98251
0.134	0.408	-7.02894
0.134	-0.408	-7.02894
0.135	0.408	-8.83402
0.135	-0.408	-8.83402
0.136	0.408	-10.3619
0.136	-0.408	-10.3619
0.137	0.408	-11.5841
0.137	-0.408	-11.5841
0.138	0.408	-12.4803
0.138	-0.408	-12.4803
0.139	0.408	-13.0383
0.139	-0.408	-13.0383
0.14	0.408	-13.2542
0.14	-0.408	-13.2542
0.141	0.408	-13.1321
0.141	-0.408	-13.1321
0.142	0.408	-12.6838
0.142	-0.408	-12.6838
0.143	0.408	-11.9284
0.143	-0.408	-11.9284
0.144	0.408	-10.8912
0.144	-0.408	-10.8912
0.145	0.408	-9.60359
0.145	-0.408	-9.60359
0.146	0.408	-8.1014
0.146	-0.408	-8.1014
0.147	0.408	-6.42435
0.147	-0.408	-6.42435
0.148	0.408	-4.61486
0.148	-0.408	-4.61486
0.149	0.408	-2.71699
0.149	-0.408	-2.71699
0.15	0.408	-0.775366
0.15	-0.408	-0.775366
0.151	0.408	1.16588
0.151	-0.408	1.16588
0.152	0.408	3.06405
0.152	-0.408	3.06405
0.153	0.408	4.87886
0.153	-0.408	4.87886
0.154	0.408	6.57319
0.154	-0.408	6.57319
0.155	0.408	8.11387
0.155	-0.408	8.11387
0.156	0.408	9.4722
0.156	-0.408	9.4722
0.157	0.408	10.6245
0.157	-0.408	10.6245
0.158	0.408	11.5523
0.158	-0.408	11.5523
0.159	0.408	12.2426
0.159	-0.408	12.2426
0.16	0.408	12.6881
0.16	-0.408	12.6881
0.161	0.408	12.8868
0.161	-0.408	12.8868
0.162	0.408	12.8421
0.162	-0.408	12.8421
0.163	0.408	12.5622
0.163	-0.408	12.5622
0.164	0.408	12.06
0.164	-0.408	12.06
0.165	0.408	11.3524
0.165	-0.408	11.3524
0.166	0.408	10.46
0.166	-0.408	10.46
0.167	0.408	9.40618
0.167	-0.408	9.40618
0.168	0.408	8.21671
0.168	-0.408	8.21671
0.169	0.408	6.91901
0.169	-0.408	6.91901
0.17	0.408	5.54152
0.17	-0.408	5.54152
0.171	0.408	4.11307
0.171	-0.408	4.11307
0.172	0.408	2.66227
0.172	-0.408	2.66227
0.173	0.408	1.21698
0.173	-0.408	1.21698
0.174	0.408	-0.196285
0.174	-0.408	-0.196285
0.175	0.408	-1.55272
0.175	-0.408	-1.55272
0.176	0.408	-2.82969
0.176	-0.408	-2.82969
0.177	0.408	-4.007
0.177	-0.408	-4.007
0.178	0.408	-5.0672
0.178	-0.408	-5.0672
0.179	0.408	-5.99572
0.179	-0.408	-5.99572
0.18	0.408	-6.78098
0.18	-0.408	-6.78098
0.181	0.408	-7.41449
0.181	-0.408	-7.41449
0.182	0.408	-7.89074
0.182	-0.408	-7.89074
0.183	0.408	-8.20718
0.183	-0.408	-8.20718
0.184	0.408	-8.36406
0.184	-0.408	-8.36406
0.185	0.408	-8.36429
0.185	-0.408	-8.36429
0.186	0.408	-8.21316
0.186	-0.408	-8.21316
0.187	0.408	-7.91813
0.187	-0.408	-7.91813
0.188	0.408	-7.48859
0.188	-0.408	-7.48859
0.189	0.408	-6.93551
0.189	-0.408	-6.93551
0.19	0.408	-6.2712
0.19	-0.408	-6.2712
0.191	0.408	-5.50899
0.191	-0.408	-5.50899
0.192	0.408	-4.66295
0.192	-0.408	-4.66295
0.193	0.408	-3.74759
0.193	-0.408	-3.74759
0.194	0.408	-2.77764
0.194	-0.408	-2.77764
0.195	0.408	-1.76774
0.195	-0.408	-1.76774
0.196	0.408	-0.73228
0.196	-0.408	-0.73228
0.197	0.408	0.314865
0.197	-0.408	0.314865
0.198	0.408	1.36047
0.198	-0.408	1.36047
0.199	0.408	2.39211
0.199	-0.408	2.39211
0.2	0.408	3.39831
0.2	-0.408	3.39831
0.201	0.408	4.36864
0.201	-0.408	4.36864
0.202	0.408	5.29375
0.202	-0.408	5.29375
0.203	0.408	6.16545
0.203	-0.408	6.16545
0.204	0.408	6.97675
0.204	-0.408	6.97675
0.205	0.408	7.72181
0.205	-0.408	7.72181
0.206	0.408	8.39598
0.206	-0.408	8.39598
0.207	0.408	8.99573
0.207	-0.408	8.99573
0.208	0.408	9.51864
0.208	-0.408	9.51864
0.209	0.408	9.9633
0.209	-0.408	9.9633
0.21	0.408	10.3293
0.21	-0.408	10.3293
0.211	0.408	10.617
0.211	-0.408	10.617
0.212	0.408	10.8278
0.212	-0.408	10.8278
0.213	0.408	10.9637
0.213	-0.408	10.9637
0.214	0.408	11.0272
0.214	-0.408	11.0272
0.215	0.408	11.0215
0.215	-0.408	11.0215
0.216	0.408	10.9503
0.216	-0.408	10.9503
0.217	0.408	10.8177
0.217	-0.408	10.8177
0.218	0.408	10.6279
0.218	-0.408	10.6279
0.219	0.408	10.3855
0.219	-0.408	10.3855
0.22	0.408	10.0952
0.22	-0.408	10.0952
0.221	0.408	9.76189
0.221	-0.408	9.76189
0.222	0.408	9.39031
0.222	-0.408	9.39031
0.223	0.408	8.9853
0.223	-0.408	8.9853
0.224	0.408	8.55161
0.224	-0.408	8.55161
0.225	0.408	8.09385
0.225	-0.408	8.09385
0.226	0.408	7.61649
0.226	-0.408	7.61649
0.227	0.408	7.12382
0.227	-0.408	7.12382
0.228	0.408	6.61991
0.228	-0.408	6.61991
0.229	0.408	6.10862
0.229	-0.408	6.10862
0.23	0.408	5.59356
0.23	-0.408	5.59356
0.231	0.408	5.07806
0.231	-0.408	5.07806
0.232	0.408	4.56522
0.232	-0.408	4.56522
0.233	0.408	4.05785
0.233	-0.408	4.05785
0.234	0.408	3.55852
0.234	-0.408	3.55852
0.235	0.408	3.06949
0.235	-0.408	3.06949
0.236	0.408	2.59282
0.236	-0.408	2.59282
0.237	0.408	2.13026
0.237	-0.408	2.13026
0.238	0.408	1.68336
0.238	-0.408	1.68336
0.239	0.408	1.25341
0.239	-0.408	1.25341
0.24	0.408	0.841497
0.24	-0.408	0.841497
0.241	0.408	0.448488
0.241	-0.408	0.448488
0.242	0.408	0.0750585
0.242	-0.408	0.0750585
0.243	0.408	-0.278299
0.243	-0.408	-0.278299
0.244	0.408	-0.61126
0.244	-0.408	-0.61126
0.245	0.408	-0.923655
0.245	-0.408	-0.923655
0.246	0.408	-1.21545
0.246	-0.408	-1.21545
0.247	0.408	-1.48675
0.247	-0.408	-1.48675
0.248	0.408	-1.73777
0.248	-0.408	-1.73777
0.249	0.408	-1.96881
0.249	-0.408	-1.96881
0.25	0.408	-2.18028
0.25	-0.408	-2.18028
0.251	0.408	-2.37267
0.251	-0.408	-2.37267
0.252	0.408	-2.5465
0.252	-0.408	-2.5465
0.253	0.408	-2.7024
0.253	-0.408	-2.7024
0.254	0.408	-2.84101
0.254	-0.408	-2.84101
0.255	0.408	-2.96302
0.255	-0.408	-2.96302
0.256	0.408	-3.06914
0.256	-0.408	-3.06914
0.257	0.408	-3.16011
0.257	-0.408	-3.16011
0.258	0.408	-3.23669
0.258	-0.408	-3.23669
0.259	0.408	-3.29964
0.259	-0.408	-3.29964
0.26	0.408	-3.34972
0.26	-0.408	-3.34972
0.261	0.408	-3.3877
0.261	-0.408	-3.3877
0.262	0.408	-3.41434
0.262	-0.408	-3.41434
0.263	0.408	-3.43037
0.263	-0.408	-3.43037
0.264	0.408	-3.43653
0.264	-0.408	-3.43653
0.265	0.408	-3.43354
0.265	-0.408	-3.43354
0.266	0.408	-3.42209
0.266	-0.408	-3.42209
0.267	0.408	-3.40285
0.267	-0.408	-3.40285
0.268	0.408	-3.37648
0.268	-0.408	-3.37648
0.269	0.408	-3.3436
0.269	-0.408	-3.3436
0.27	0.408	-3.30481
0.27	-0.408	-3.30481
0.271	0.408	-3.26068
0.271	-0.408	-3.26068
0.272	0.408	-3.21177
0.272	-0.408	-3.21177
0.273	0.408	-3.15858
0.273	-0.408	-3.15858
0.274	0.408	-3.10162
0.274	-0.408	-3.10162
0.275	0.408	-3.04134
0.275	-0.408	-3.04134
0.276	0.408	-2.97819
0.276	-0.408	-2.97819
0.277	0.408	-2.91257
0.277	-0.408	-2.91257
0.278	0.408	-2.84487
0.278	-0.408	-2.84487
0.279	0.408	-2.77545
0.279	-0.408	-2.77545
0.28	0.408	-2.70464
0.28	-0.408	-2.70464
0.281	0.408	-2.63276
0.281	-0.408	-2.63276
0.282	0.408	-2.56008
0.282	-0.408	-2.56008
0.283	0.408	-2.48689
0.283	-0.408	-2.48689
0.284	0.408	-2.41341
0.284	-0.408	-2.41341
0.285	0.408	-2.33988
0.285	-0.408	-2.33988
0.286	0.408	-2.2665
0.286	-0.408	-2.2665
0.287	0.408	-2.19345
0.287	-0.408	-2.19345
0.288	0.408	-2.12091
0.288	-0.408	-2.12091
0.289	0.408	-2.04901
0.289	-0.408	-2.04901
0.29	0.408	-1.97791
0.29	-0.408	-1.97791
0.291	0.408	-1.90773
0.291	-0.408	-1.90773
0.292	0.408	-1.83856
0.292	-0.408	-1.83856
0.293	0.408	-1.7705
0.293	-0.408	-1.7705
0.294	0.408	-1.70364
0.294	-0.408	-1.70364
0.295	0.408	-1.63805
0.295	-0.408	-1.63805
0.296	0.408	-1.57379
0.296	-0.408	-1.57379
0.297	0.408	-1.51091
0.297	-0.408	-1.51091
0.298	0.408	-1.44945
0.298	-0.408	-1.44945
0.299	0.408	-1.38945
0.299	-0.408	-1.38945
0.3	0.408	-1.33093
0.3	-0.408	-1.33093
0.3	0.407	-1.34888
0.3	-0.407	-1.34888
0.3	0.406	-1.36497
0.3	-0.406	-1.36497
0.3	0.405	-1.37906
0.3	-0.405	-1.37906
0.3	0.404	-1.39097
0.3	-0.404	-1.39097
0.3	0.403	-1.40052
0.3	-0.403	-1.40052
0.3	0.402	-1.40755
0.3	-0.402	-1.40755
0.3	0.401	-1.41186
0.3	-0.401	-1.41186
0.3	0.4	-1.41327
0.3	-0.4	-1.41327
0.3	0.399	-1.41157
0.3	-0.399	-1.41157
0.3	0.398	-1.40658
0.3	-0.398	-1.40658
0.3	0.397	-1.39808
0.3	-0.397	-1.39808
0.3	0.396	-1.38587
0.3	-0.396	-1.38587
0.3	0.395	-1.36975
0.3	-0.395	-1.36975
0.3	0.394	-1.3495
0.3	-0.394	-1.3495
0.3	0.393	-1.32491
0.3	-0.393	-1.32491
0.3	0.392	-1.29578
0.3	-0.392	-1.29578
0.3	0.391	-1.26188
0.3	-0.391	-1.26188
0.3	0.39	-1.22301
0.3	-0.39	-1.22301
0.3	0.389	-1.17898
0.3	-0.389	-1.17898
0.3	0.388	-1.12957
0.3	-0.388	-1.12957
0.3	0.387	-1.0746
0.3	-0.387	-1.0746
0.3	0.386	-1.01387
0.3	-0.386	-1.01387
0.3	0.385	-0.947226
0.3	-0.385	-0.947226
0.3	0.384	-0.874488
0.3	-0.384	-0.874488
0.3	0.383	-0.795507
0.3	-0.383	-0.795507
0.3	0.382	-0.710147
0.3	-0.382	-0.710147
0.3	0.381	-0.618288
0.3	-0.381	-0.618288
0.3	0.38	-0.519831
0.3	-0.38	-0.519831
0.3	0.379	-0.414694
0.3	-0.379	-0.414694
0.3	0.378	-0.302823
0.3	-0.378	-0.302823
0.3	0.377	-0.184187
0.3	-0.377	-0.184187
0.3	0.376	-0.0587835
0.3	-0.376	-0.0587835
0.3	0.375	0.0733594
0.3	-0.375	0.0733594
0.3	0.374	0.212181
0.3	-0.374	0.212181
0.3	0.373	0.357585
0.3	-0.373	0.357585
0.3	0.372	0.509439
0.3	-0.372	0.509439
0.3	0.371	0.667569
0.3	-0.371	0.667569
0.3	0.37	0.831761
0.3	-0.37	0.831761
0.3	0.369	1.00176
0.3	-0.369	1.00176
0.3	0.368	1.17725
0.3	-0.368	1.17725
0.3	0.367	1.35789
0.3	-0.367	1.35789
0.3	0.366	1.54328
0.3	-0.366	1.54328
0.3	0.365	1.73295
0.3	-0.365	1.73295
0.3	0.364	1.92641
0.3	-0.364	1.92641
0.3	0.363	2.1231
0.3	-0.363	2.1231
0.3	0.362	2.32241
0.3	-0.362	2.32241
0.3	0.361	2.52366
0.3	-0.361	2.52366
0.3	0.36	2.72614
0.3	-0.36	2.72614
0.3	0.359	2.92906
0.3	-0.359	2.92906
0.3	0.358	3.13161
0.3	-0.358	3.13161
0.3	0.357	3.33291
0.3	-0.357	3.33291
0.3	0.356	3.53201
0.3	-0.356	3.53201
0.3	0.355	3.72794
0.3	-0.355	3.72794
0.3	0.354	3.91968
0.3	-0.354	3.91968
0.3	0.353	4.10615
0.3	-0.353	4.10615
0.3	0.352	4.28626
0.3	-0.352	4.28626
0.3	0.351	4.45885
0.3	-0.351	4.45885
0.3	0.35	4.62276
0.3	-0.35	4.62276
0.3	0.349	4.7768
0.3	-0.349	4.7768
0.3	0.348	4.91975
0.3	-0.348	4.91975
0.3	0.347	5.05039
0.3	-0.347	5.05039
0.3	0.346	5.16749
0.3	-0.346	5.16749
0.3	0.345	5.26983
0.3	-0.345	5.26983
0.3	0.344	5.35619
0.3	-0.344	5.35619
0.3	0.343	5.42538
0.3	-0.343	5.42538
0.3	0.342	5.47624
0.3	-0.342	5.47624
0.3	0.341	5.50764
0.3	-0.341	5.50764
0.3	0.34	5.51851
0.3	-0.34	5.51851
0.3	0.339	5.50783
0.3	-0.339	5.50783
0.3	0.338	5.47466
0.3	-0.338	5.47466
0.3	0.337	5.41812
0.3	-0.337	5.41812
0.3	0.336	5.33745
0.3	-0.336	5.33745
0.3	0.335	5.23196
0.3	-0.335	5.23196
0.3	0.334	5.10109
0.3	-0.334	5.10109
0.3	0.333	4.9444
0.3	-0.333	4.9444
0.3	0.332	4.76156
0.3	-0.332	4.76156
0.3	0.331	4.55242
0.3	-0.331	4.55242
0.3	0.33	4.31695
0.3	-0.33	4.31695
0.3	0.329	4.05527
0.3	-0.329	4.05527
0.3	0.328	3.76769
0.3	-0.328	3.76769
0.3	0.327	3.45469
0.3	-0.327	3.45469
0.3	0.326	3.1169
0.3	-0.326	3.1169
0.3	0.325	2.75516
0.3	-0.325	2.75516
0.3	0.324	2.37048
0.3	-0.324	2.37048
0.3	0.323	1.96406
0.3	-0.323	1.96406
0.3	0.322	1.53729
0.3	-0.322	1.53729
0.3	0.321	1.09174
0.3	-0.321	1.09174
0.3	0.32	0.629177
0.3	-0.32	0.629177
0.3	0.319	0.151539
0.3	-0.319	0.151539
0.3	0.318	-0.33906
0.3	-0.318	-0.33906
0.3	0.317	-0.840334
0.3	-0.317	-0.840334
0.3	0.316	-1.34984
0.3	-0.316	-1.34984
0.3	0.315	-1.86499
0.3	-0.315	-1.86499
0.3	0.314	-2.38305
0.3	-0.314	-2.38305
0.3	0.313	-2.90117
0.3	-0.313	-2.90117
0.3	0.312	-3.41638
0.3	-0.312	-3.41638
0.3	0.311	-3.92565
0.3	-0.311	-3.92565
0.3	0.31	-4.42584
0.3	-0.31	-4.42584
0.3	0.309	-4.91378
0.3	-0.309	-4.91378
0.3	0.308	-5.38627
0.3	-0.308	-5.38627
0.3	0.307	-5.84008
0.3	-0.307	-5.84008
0.3	0.306	-6.27202
0.3	-0.306	-6.27202
0.3	0.305	-6.67892
0.3	-0.305	-6.67892
0.3	0.304	-7.05767
0.3	-0.304	-7.05767
0.3	0.303	-7.40526
0.3	-0.303	-7.40526
0.3	0.302	-7.71879
0.3	-0.302	-7.71879
0.3	0.301	-7.99549
0.3	-0.301	-7.99549
0.3	0.3	-8.23275
0.3	-0.3	-8.23275
0.3	0.299	-8.42817
0.3	-0.299	-8.42817
0.3	0.298	-8.57954
0.3	-0.298	-8.57954
0.3	0.297	-8.68489
0.3	-0.297	-8.68489
0.3	0.296	-8.74251
0.3	-0.296	-8.74251
0.3	0.295	-8.75097
0.3	-0.295	-8.75097
0.3	0.294	-8.70913
0.3	-0.294	-8.70913
0.3	0.293	-8.61617
0.3	-0.293	-8.61617
0.3	0.292	-8.4716
0.3	-0.292	-8.4716
0.3	0.291	-8.27528
0.3	-0.291	-8.27528
0.3	0.29	-8.0274
0.3	-0.29	-8.0274
0.3	0.289	-7.72854
0.3	-0.289	-7.72854
0.3	0.288	-7.37965
0.3	-0.288	-7.37965
0.3	0.287	-6.98202
0.3	-0.287	-6.98202
0.3	0.286	-6.53735
0.3	-0.286	-6.53735
0.3	0.285	-6.04768
0.3	-0.285	-6.04768
0.3	0.284	-5.51543
0.3	-0.284	-5.51543
0.3	0.283	-4.94336
0.3	-0.283	-4.94336
0.3	0.282	-4.33458
0.3	-0.282	-4.33458
0.3	0.281	-3.69253
0.3	-0.281	-3.69253
0.3	0.28	-3.02094
0.3	-0.28	-3.02094
0.3	0.279	-2.32383
0.3	-0.279	-2.32383
0.3	0.278	-1.60551
0.3	-0.278	-1.60551
0.3	0.277	-0.870473
0.3	-0.277	-0.870473
0.3	0.276	-0.123461
0.3	-0.276	-0.123461
0.3	0.275	0.630631
0.3	-0.275	0.630631
0.3	0.274	1.38677
0.3	-0.274	1.38677
0.3	0.273	2.13981
0.3	-0.273	2.13981
0.3	0.272	2.88454
0.3	-0.272	2.88454
0.3	0.271	3.61574
0.3	-0.271	3.61574
0.3	0.27	4.32819
0.3	-0.27	4.32819
0.3	0.269	5.01672
0.3	-0.269	5.01672
0.3	0.268	5.67627
0.3	-0.268	5.67627
0.3	0.267	6.30189
0.3	-0.267	6.30189
0.3	0.266	6.88884
0.3	-0.266	6.88884
0.3	0.265	7.43258
0.3	-0.265	7.43258
0.3	0.264	7.92882
0.3	-0.264	7.92882
0.3	0.263	8.37357
0.3	-0.263	8.37357
0.3	0.262	8.76319
0.3	-0.262	8.76319
0.3	0.261	9.09437
0.3	-0.261	9.09437
0.3	0.26	9.36421
0.3	-0.26	9.36421
0.3	0.259	9.57026
0.3	-0.259	9.57026
0.3	0.258	9.71048
0.3	-0.258	9.71048
0.3	0.257	9.78334
0.3	-0.257	9.78334
0.3	0.256	9.78777
0.3	-0.256	9.78777
0.3	0.255	9.72324
0.3	-0.255	9.72324
0.3	0.254	9.58972
0.3	-0.254	9.58972
0.3	0.253	9.38771
0.3	-0.253	9.38771
0.3	0.252	9.11827
0.3	-0.252	9.11827
0.3	0.251	8.78295
0.3	-0.251	8.78295
0.3	0.25	8.38385
0.3	-0.25	8.38385
0.3	0.249	7.92358
0.3	-0.249	7.92358
0.3	0.248	7.40526
0.3	-0.248	7.40526
0.3	0.247	6.83249
0.3	-0.247	6.83249
0.3	0.246	6.20932
0.3	-0.246	6.20932
0.3	0.245	5.54026
0.3	-0.245	5.54026
0.3	0.244	4.83022
0.3	-0.244	4.83022
0.3	0.243	4.08446
0.3	-0.243	4.08446
0.3	0.242	3.30859
0.3	-0.242	3.30859
0.3	0.241	2.50853
0.3	-0.241	2.50853
0.3	0.24	1.69041
0.3	-0.24	1.69041
0.3	0.239	0.860609
0.3	-0.239	0.860609
0.3	0.238	0.025626
0.3	-0.238	0.025626
0.3	0.237	-0.807918
0.3	-0.237	-0.807918
0.3	0.236	-1.63335
0.3	-0.236	-1.63335
0.3	0.235	-2.444
0.3	-0.235	-2.444
0.3	0.234	-3.23326
0.3	-0.234	-3.23326
0.3	0.233	-3.9946
0.3	-0.233	-3.9946
0.3	0.232	-4.72167
0.3	-0.232	-4.72167
0.3	0.231	-5.40834
0.3	-0.231	-5.40834
0.3	0.23	-6.04872
0.3	-0.23	-6.04872
0.3	0.229	-6.63726
0.3	-0.229	-6.63726
0.3	0.228	-7.16875
0.3	-0.228	-7.16875
0.3	0.227	-7.6384
0.3	-0.227	-7.6384
0.3	0.226	-8.04186
0.3	-0.226	-8.04186
0.3	0.225	-8.37527
0.3	-0.225	-8.37527
0.3	0.224	-8.63531
0.3	-0.224	-8.63531
0.3	0.223	-8.81919
0.3	-0.223	-8.81919
0.3	0.222	-8.92473
0.3	-0.222	-8.92473
0.3	0.221	-8.95034
0.3	-0.221	-8.95034
0.3	0.22	-8.89507
0.3	-0.22	-8.89507
0.3	0.219	-8.7586
0.3	-0.219	-8.7586
0.3	0.218	-8.54127
0.3	-0.218	-8.54127
0.3	0.217	-8.24405
0.3	-0.217	-8.24405
0.3	0.216	-7.86858
0.3	-0.216	-7.86858
0.3	0.215	-7.41715
0.3	-0.215	-7.41715
0.3	0.214	-6.89265
0.3	-0.214	-6.89265
0.3	0.213	-6.29861
0.3	-0.213	-6.29861
0.3	0.212	-5.63914
0.3	-0.212	-5.63914
0.3	0.211	-4.91892
0.3	-0.211	-4.91892
0.3	0.21	-4.14315
0.3	-0.21	-4.14315
0.3	0.209	-3.31752
0.3	-0.209	-3.31752
0.3	0.208	-2.44819
0.3	-0.208	-2.44819
0.3	0.207	-1.54172
0.3	-0.207	-1.54172
0.3	0.206	-0.605011
0.3	-0.206	-0.605011
0.3	0.205	0.354717
0.3	-0.205	0.354717
0.3	0.204	1.33
0.3	-0.204	1.33
0.3	0.203	2.31317
0.3	-0.203	2.31317
0.3	0.202	3.29645
0.3	-0.202	3.29645
0.3	0.201	4.27198
0.3	-0.201	4.27198
0.3	0.2	5.23189
0.3	-0.2	5.23189
0.3	0.199	6.16838
0.3	-0.199	6.16838
0.3	0.198	7.07374
0.3	-0.198	7.07374
0.3	0.197	7.94049
0.3	-0.197	7.94049
0.3	0.196	8.76134
0.3	-0.196	8.76134
0.3	0.195	9.52935
0.3	-0.195	9.52935
0.3	0.194	10.2379
0.3	-0.194	10.2379
0.3	0.193	10.8809
0.3	-0.193	10.8809
0.3	0.192	11.4525
0.3	-0.192	11.4525
0.3	0.191	11.9476
0.3	-0.191	11.9476
0.3	0.19	12.3616
0.3	-0.19	12.3616
0.3	0.189	12.6904
0.3	-0.189	12.6904
0.3	0.188	12.9308
0.3	-0.188	12.9308
0.3	0.187	13.08
0.3	-0.187	13.08
0.3	0.186	13.1361
0.3	-0.186	13.1361
0.3	0.185	13.0978
0.3	-0.185	13.0978
0.3	0.184	12.9647
0.3	-0.184	12.9647
0.3	0.183	12.737
0.3	-0.183	12.737
0.3	0.182	12.4156
0.3	-0.182	12.4156
0.3	0.181	12.0025
0.3	-0.181	12.0025
0.3	0.18	11.5001
0.3	-0.18	11.5001
0.3	0.179	10.9118
0.3	-0.179	10.9118
0.3	0.178	10.2414
0.3	-0.178	10.2414
0.3	0.177	9.49361
0.3	-0.177	9.49361
0.3	0.176	8.67388
0.3	-0.176	8.67388
0.3	0.175	7.7881
0.3	-0.175	7.7881
0.3	0.174	6.84283
0.3	-0.174	6.84283
0.3	0.173	5.84514
0.3	-0.173	5.84514
0.3	0.172	4.8026
0.3	-0.172	4.8026
0.3	0.171	3.72318
0.3	-0.171	3.72318
0.3	0.17	2.61526
0.3	-0.17	2.61526
0.3	0.169	1.48747
0.3	-0.169	1.48747
0.3	0.168	0.348721
0.3	-0.168	0.348721
0.3	0.167	-0.791921
0.3	-0.167	-0.791921
0.3	0.166	-1.92529
0.3	-0.166	-1.92529
0.3	0.165	-3.04221
0.3	-0.165	-3.04221
0.3	0.164	-4.13351
0.3	-0.164	-4.13351
0.3	0.163	-5.19018
0.3	-0.163	-5.19018
0.3	0.162	-6.20338
0.3	-0.162	-6.20338
0.3	0.161	-7.16453
0.3	-0.161	-7.16453
0.3	0.16	-8.0654
0.3	-0.16	-8.0654
0.3	0.159	-8.89813
0.3	-0.159	-8.89813
0.3	0.158	-9.65536
0.3	-0.158	-9.65536
0.3	0.157	-10.3302
0.3	-0.157	-10.3302
0.3	0.156	-10.9165
0.3	-0.156	-10.9165
0.3	0.155	-11.4085
0.3	-0.155	-11.4085
0.3	0.154	-11.8014
0.3	-0.154	-11.8014
0.3	0.153	-12.0909
0.3	-0.153	-12.0909
0.3	0.152	-12.2736
0.3	-0.152	-12.2736
0.3	0.151	-12.347
0.3	-0.151	-12.347
0.3	0.15	-12.3092
0.3	-0.15	-12.3092
0.3	0.149	-12.1594
0.3	-0.149	-12.1594
0.3	0.148	-11.8976
0.3	-0.148	-11.8976
0.3	0.147	-11.5245
0.3	-0.147	-11.5245
0.3	0.146	-11.0419
0.3	-0.146	-11.0419
0.3	0.145	-10.4525
0.3	-0.145	-10.4525
0.3	0.144	-9.75964
0.3	-0.144	-9.75964
0.3	0.143	-8.96779
0.3	-0.143	-8.96779
0.3	0.142	-8.08204
0.3	-0.142	-8.08204
0.3	0.141	-7.10834
0.3	-0.141	-7.10834
0.3	0.14	-6.05341
0.3	-0.14	-6.05341
0.3	0.139	-4.92463
0.3	-0.139	-4.92463
0.3	0.138	-3.73008
0.3	-0.138	-3.73008
0.3	0.137	-2.47841
0.3	-0.137	-2.47841
0.3	0.136	-1.17884
0.3	-0.136	-1.17884
0.3	0.135	0.158974
0.3	-0.135	0.158974
0.3	0.134	1.52494
0.3	-0.134	1.52494
0.3	0.133	2.90866
0.3	-0.133	2.90866
0.3	0.132	4.29947
0.3	-0.132	4.29947
0.3	0.131	5.68653
0.3	-0.131	5.68653
0.3	0.13	7.05891
0.3	-0.13	7.05891
0.3	0.129	8.40569
0.3	-0.129	8.40569
0.3	0.128	9.716
0.3	-0.128	9.716
0.3	0.127	10.9791
0.3	-0.127	10.9791
0.3	0.126	12.1846
0.3	-0.126	12.1846
0.3	0.125	13.3224
0.3	-0.125	13.3224
0.3	0.124	14.3826
0.3	-0.124	14.3826
0.3	0.123	15.3561
0.3	-0.123	15.3561
0.3	0.122	16.2341
0.3	-0.122	16.2341
0.3	0.121	17.0086
0.3	-0.121	17.0086
0.3	0.12	17.6722
0.3	-0.12	17.6722
0.3	0.119	18.2184
0.3	-0.119	18.2184
0.3	0.118	18.6412
0.3	-0.118	18.6412
0.3	0.117	18.9359
0.3	-0.117	18.9359
0.3	0.116	19.0983
0.3	-0.116	19.0983
0.3	0.115	19.1254
0.3	-0.115	19.1254
0.3	0.114	19.0151
0.3	-0.114	19.0151
0.3	0.113	18.7664
0.3	-0.113	18.7664
0.3	0.112	18.3793
0.3	-0.112	18.3793
0.3	0.111	17.8546
0.3	-0.111	17.8546
0.3	0.11	17.1945
0.3	-0.11	17.1945
0.3	0.109	16.402
0.3	-0.109	16.402
0.3	0.108	15.4812
0.3	-0.108	15.4812
0.3	0.107	14.4373
0.3	-0.107	14.4373
0.3	0.106	13.2762
0.3	-0.106	13.2762
0.3	0.105	12.005
0.3	-0.105	12.005
0.3	0.104	10.6317
0.3	-0.104	10.6317
0.3	0.103	9.16486
0.3	-0.103	9.16486
0.3	0.102	7.61413
0.3	-0.102	7.61413
0.3	0.101	5.98977
0.3	-0.101	5.98977
0.3	0.1	4.30268
0.3	-0.1	4.30268
0.3	0.099	2.56437
0.3	-0.099	2.56437
0.3	0.098	0.786864
0.3	-0.098	0.786864
0.3	0.097	-1.01742
0.3	-0.097	-1.01742
0.3	0.096	-2.83572
0.3	-0.096	-2.83572
0.3	0.095	-4.65501
0.3	-0.095	-4.65501
0.3	0.094	-6.46215
0.3	-0.094	-6.46215
0.3	0.093	-8.2439
0.3	-0.093	-8.2439
0.3	0.092	-9.98711
0.3	-0.092	-9.98711
0.3	0.091	-11.6787
0.3	-0.091	-11.6787
0.3	0.09	-13.3059
0.3	-0.09	-13.3059
0.3	0.089	-14.8562
0.3	-0.089	-14.8562
0.3	0.088	-16.3176
0.3	-0.088	-16.3176
0.3	0.087	-17.6784
0.3	-0.087	-17.6784
0.3	0.086	-18.9277
0.3	-0.086	-18.9277
0.3	0.085	-20.0554
0.3	-0.085	-20.0554
0.3	0.084	-21.0517
0.3	-0.084	-21.0517
0.3	0.083	-21.9081
0.3	-0.083	-21.9081
0.3	0.082	-22.6168
0.3	-0.082	-22.6168
0.3	0.081	-23.171
0.3	-0.081	-23.171
0.3	0.08	-23.5649
0.3	-0.08	-23.5649
0.3	0.079	-23.7938
0.3	-0.079	-23.7938
0.3	0.078	-23.8542
0.3	-0.078	-23.8542
0.3	0.077	-23.7437
0.3	-0.077	-23.7437
0.3	0.076	-23.4609
0.3	-0.076	-23.4609
0.3	0.075	-23.0059
0.3	-0.075	-23.0059
0.3	0.074	-22.3798
0.3	-0.074	-22.3798
0.3	0.073	-21.5851
0.3	-0.073	-21.5851
0.3	0.072	-20.6252
0.3	-0.072	-20.6252
0.3	0.071	-19.5051
0.3	-0.071	-19.5051
0.3	0.07	-18.2305
0.3	-0.07	-18.2305
0.3	0.069	-16.8087
0.3	-0.069	-16.8087
0.3	0.068	-15.2477
0.3	-0.068	-15.2477
0.3	0.067	-13.5568
0.3	-0.067	-13.5568
0.3	0.066	-11.7462
0.3	-0.066	-11.7462
0.3	0.065	-9.82697
0.3	-0.065	-9.82697
0.3	0.064	-7.81106
0.3	-0.064	-7.81106
0.3	0.063	-5.71123
0.3	-0.063	-5.71123
0.3	0.062	-3.54089
0.3	-0.062	-3.54089
0.3	0.061	-1.31408
0.3	-0.061	-1.31408
0.3	0.06	0.95468
0.3	-0.06	0.95468
0.3	0.059	3.25045
0.3	-0.059	3.25045
0.3	0.058	5.55798
0.3	-0.058	5.55798
0.3	0.057	7.86182
0.3	-0.057	7.86182
0.3	0.056	10.1464
0.3	-0.056	10.1464
0.3	0.055	12.3962
0.3	-0.055	12.3962
0.3	0.054	14.5958
0.3	-0.054	14.5958
0.3	0.053	16.73
0.3	-0.053	16.73
0.3	0.052	18.7839
0.3	-0.052	18.7839
0.3	0.051	20.7431
0.3	-0.051	20.7431
0.3	0.05	22.5936
0.3	-0.05	22.5936
0.3	0.049	24.3223
0.3	-0.049	24.3223
0.3	0.048	25.9165
0.3	-0.048	25.9165
0.3	0.047	27.3646
0.3	-0.047	27.3646
0.3	0.046	28.6558
0.3	-0.046	28.6558
0.3	0.045	29.7801
0.3	-0.045	29.7801
0.3	0.044	30.729
0.3	-0.044	30.729
0.3	0.043	31.4946
0.3	-0.043	31.4946
0.3	0.042	32.0706
0.3	-0.042	32.0706
0.3	0.041	32.4518
0.3	-0.041	32.4518
0.3	0.04	32.6341
0.3	-0.04	32.6341
0.3	0.039	32.6149
0.3	-0.039	32.6149
0.3	0.038	32.393
0.3	-0.038	32.393
0.3	0.037	31.9683
0.3	-0.037	31.9683
0.3	0.036	31.3423
0.3	-0.036	31.3423
0.3	0.035	30.5176
0.3	-0.035	30.5176
0.3	0.034	29.4983
0.3	-0.034	29.4983
0.3	0.033	28.2899
0.3	-0.033	28.2899
0.3	0.032	26.899
0.3	-0.032	26.899
0.3	0.031	25.3335
0.3	-0.031	25.3335
0.3	0.03	23.6025
0.3	-0.03	23.6025
0.3	0.029	21.7163
0.3	-0.029	21.7163
0.3	0.028	19.6861
0.3	-0.028	19.6861
0.3	0.027	17.5244
0.3	-0.027	17.5244
0.3	0.026	15.2444
0.3	-0.026	15.2444
0.3	0.025	12.8601
0.3	-0.025	12.8601
0.3	0.024	10.3864
0.3	-0.024	10.3864
0.3	0.023	7.83875
0.3	-0.023	7.83875
0.3	0.022	5.23314
0.3	-0.022	5.23314
0.3	0.021	2.58604
0.3	-0.021	2.58604
0.3	0.02	-0.0857717
0.3	-0.02	-0.0857717
0.3	0.019	-2.7653
0.3	-0.019	-2.7653
0.3	0.018	-5.43546
0.3	-0.018	-5.43546
0.3	0.017	-8.07915
0.3	-0.017	-8.07915
0.3	0.016	-10.6794
0.3	-0.016	-10.6794
0.3	0.015	-13.2195
0.3	-0.015	-13.2195
0.3	0.014	-15.6832
0.3	-0.014	-15.6832
0.3	0.013	-18.0544
0.3	-0.013	-18.0544
0.3	0.012	-20.3179
0.3	-0.012	-20.3179
0.3	0.011	-22.459
0.3	-0.011	-22.459
0.3	0.01	-24.4639
0.3	-0.01	-24.4639
0.3	0.009	-26.3194
0.3	-0.009	-26.3194
0.3	0.008	-28.0137
0.3	-0.008	-28.0137
0.3	0.007	-29.5356
0.3	-0.007	-29.5356
0.3	0.006	-30.8753
0.3	-0.006	-30.8753
0.3	0.005	-32.0239
0.3	-0.005	-32.0239
0.3	0.004	-32.9742
0.3	-0.004	-32.9742
0.3	0.003	-33.7197
0.3	-0.003	-33.7197
0.3	0.002	-34.2558
0.3	-0.002	-34.2558
0.3	0.001	-34.5788
0.3	-0.001	-34.5788
0.3	0	-34.6867
